8
12345
12345
987654321
987654321
1000
800
9999999999999999999999999999999999999999
1
99999999999999999999999999999999999999999999999999999999999999999999999999999999
1
99999999999999999999999999999999999999999999999999999999999999999999999999999999
0
100000000000000000000000000000000000000000000000000000000000000000000000000000000
1
100000000000000000000000000000000000000000000000000000000000000000000000000000000
100000000000000000000000000000000000000000000000000000000000000000000000000000000
90000000000000000000000000000000000000000000000000000000000000000000000000000000
9000000000000000000000000000000000000000000000000000000000000000000000000000000