174 76
361 253 464 244
134 -61 451 148
617 716 243 260
273 77 66 213
93 267 469 304
518 -4 346 199
336 174 251 254
585 166 69 151
281 252 469 233
956 570 100 54
656 -80 154 391
-9 -57 272 48
176 677 218 223
522 307 356 136
-56 631 281 39
9 926 298 39
224 73 46 38
49 286 349 84
135 676 428 290
975 732 166 106
-15 19 149 22
726 503 208 60
917 -39 33 189
713 18 456 498
497 564 370 355
692 400 135 275
514 740 408 495
408 838 379 135
933 219 145 110
793 -3 322 161
340 121 82 98
728 578 72 151
304 126 411 118
396 49 270 106
643 606 83 356
892 359 375 330
156 905 207 244
359 -21 384 98
561 42 343 270
-50 796 87 446
314 51 447 128
116 -11 37 469
594 342 112 377
753 337 340 148
842 749 342 277
845 916 278 143
462 807 175 495
772 391 333 236
917 820 421 301
595 -22 27 168
695 64 213 290
744 555 440 128
455 81 457 169
389 499 489 77
545 97 176 449
546 24 313 114
600 261 318 100
133 323 389 425
647 173 136 211
645 83 206 250
602 979 403 175
246 602 362 146
396 174 234 78
480 883 489 304
141 153 440 148
430 507 138 18
780 141 157 266
484 674 293 480
89 796 179 186
704 768 309 154
513 176 396 278
329 552 34 199
483 319 349 80
693 846 300 375
874 855 419 67
421 499 145 5
38 23
557 372 143 133
799 231 345 152
-70 -70 364 401
390 666 343 425
-15 137 469 375
244 541 308 470
826 73 498 281
980 658 498 8
-36 406 90 488
384 -97 131 69
245 7 195 77
835 -51 214 459
533 92 4 353
934 120 398 361
846 742 247 355
522 932 89 384
830 472 326 141
-45 89 402 209
524 568 12 461
232 898 123 280
388 54 182 87
962 863 126 296
629 -30 102 446
317 83
-11 352 121 38
-91 870 179 253
538 194 358 362
394 563 119 270
285 586 77 233
594 662 121 67
625 40 288 330
792 189 232 482
763 885 366 358
114 431 49 227
579 684 391 220
870 642 425 332
271 40 326 128
917 478 212 280
983 957 107 122
890 743 304 76
-4 188 309 385
796 347 294 443
324 14 101 163
317 458 382 418
553 166 483 80
644 543 109 494
917 734 202 413
17 -40 46 56
300 959 11 439
375 552 102 236
25 923 169 75
342 911 43 237
69 680 405 184
888 696 429 233
-34 289 115 414
307 517 73 400
195 -24 305 461
-90 9 356 5
492 512 370 80
244 928 429 106
409 958 450 298
382 736 266 394
735 -56 281 2
-47 672 138 489
-17 844 277 330
555 456 77 185
225 225 328 38
953 542 91 156
754 331 435 32
591 419 30 203
692 539 11 291
-96 15 163 291
548 896 60 163
73 47 118 414
-92 936 68 271
9 929 298 224
557 313 159 60
862 797 418 53
868 734 460 282
736 622 406 429
775 99 233 134
845 937 23 326
212 673 402 170
55 852 433 382
503 448 40 313
756 -76 222 46
440 646 203 224
362 256 492 415
655 514 87 124
343 289 245 420
356 557 472 114
805 787 239 268
651 742 327 168
478 433 325 227
620 130 247 83
566 279 296 245
942 749 432 12
189 558 314 20
-20 634 261 389
57 402 328 458
750 188 88 222
349 480 119 475
264 476 192 395
700 393 192 13
679 508 161 267
-97 444 382 494
422 946 225 13
400 31
-75 267 302 380
720 597 227 128
959 894 402 224
-40 720 466 467
-98 135 403 363
119 -57 206 179
135 762 409 172
271 453 288 464
506 -75 141 186
-92 377 268 369
948 22 433 39
288 635 15 497
916 811 43 191
788 27 78 118
540 995 361 124
649 210 260 67
557 915 230 210
-7 701 230 336
900 826 197 455
376 822 386 492
354 -26 123 338
-51 73 461 231
71 338 338 375
-22 341 139 138
38 914 236 209
246 203 368 104
-14 328 292 451
788 879 425 39
533 816 363 354
296 992 435 95
281 314 172 57
461 85
-90 727 488 403
596 262 135 110
930 930 491 15
322 645 37 31
617 707 472 499
521 521 188 411
378 924 91 438
446 163 262 407
61 550 73 223
124 927 226 285
-7 755 76 39
752 670 155 216
77 680 201 119
567 -18 211 490
994 280 224 172
405 791 67 478
409 48 416 45
165 510 227 450
157 262 378 163
43 578 176 25
729 117 156 189
622 -90 430 230
492 120 478 69
650 915 49 39
518 768 490 447
593 123 187 19
349 690 171 46
-21 613 362 63
697 634 257 111
157 98 62 74
574 457 39 72
757 602 363 264
15 288 57 172
330 153 277 443
772 112 113 49
38 198 314 122
-62 308 183 399
544 861 313 147
278 82 207 409
863 274 369 478
411 608 388 138
201 572 413 348
-86 853 429 437
145 792 130 192
442 213 302 431
669 356 495 32
495 715 227 140
593 263 245 65
97 401 377 326
298 238 61 266
965 641 94 182
224 699 15 281
903 803 393 229
90 -84 240 128
683 88 120 2
858 422 153 352
973 392 270 218
413 100 164 97
912 841 68 435
-19 592 382 112
261 156 213 158
278 276 148 5
790 112 20 387
958 18 275 448
803 24 132 470
250 476 57 130
711 377 381 206
647 813 206 452
206 136 15 363
53 977 255 458
665 125 157 453
741 849 149 278
470 795 33 472
381 51 406 304
864 935 274 152
190 603 349 299
2 177 318 424
32 55 244 392
734 713 303 452
301 -94 276 121
981 97 228 429
336 860 306 182
470 686 271 272
209 625 409 145
85 529 221 68
301 58
-43 354 492 160
129 97 453 249
555 358 9 118
160 618 477 357
934 844 44 187
732 928 141 254
338 460 310 437
-46 565 140 46
155 514 157 310
249 -77 263 453
-26 130 106 163
4 352 459 344
964 47 50 300
598 15 266 362
179 816 128 493
420 224 164 394
823 577 344 440
831 589 456 78
3 696 346 71
626 10 84 483
35 992 358 101
51 642 281 30
673 976 451 233
129 329 473 96
140 456 401 433
317 170 187 331
38 781 438 194
603 416 350 382
22 -90 216 195
325 100 157 377
833 816 319 308
77 -75 418 497
348 720 372 306
-99 -75 271 437
915 433 66 485
209 552 243 76
599 426 356 378
638 982 37 79
374 297 337 310
-48 558 158 459
525 177 15 242
90 937 50 152
475 168 177 407
439 538 227 176
34 393 274 459
486 570 179 88
-46 435 125 324
535 671 102 74
-44 -20 98 189
612 220 231 40
631 25 43 238
195 425 348 71
667 -47 136 48
892 615 481 32
-86 679 398 320
545 904 267 462
21 251 59 85
703 206 282 188
69 69
142 9 408 107
104 423 495 271
133 376 32 143
754 350 54 194
284 662 291 472
520 886 234 268
177 803 323 20
656 722 350 261
644 9 439 312
-99 789 130 165
390 264 161 116
778 469 498 484
159 24 2 8
522 -8 283 56
868 231 43 370
829 969 306 253
42 515 197 456
708 518 463 348
163 27 403 448
251 798 54 237
134 -62 488 475
-20 250 345 332
152 967 61 297
187 402 230 248
21 702 359 177
-46 530 418 104
882 110 152 47
707 168 308 358
990 294 498 183
918 -58 256 460
555 47 164 324
870 285 388 210
534 660 71 446
664 949 357 275
9 251 428 164
315 585 328 170
952 321 218 271
278 472 237 381
-30 23 401 98
803 783 327 372
-86 730 131 485
644 744 119 331
463 516 298 49
832 545 398 83
257 126 65 172
911 106 463 115
760 40 448 3
302 844 160 442
718 337 408 142
797 195 493 390
233 558 389 353
377 672 148 413
279 271 45 185
695 669 257 384
677 969 429 221
338 313 48 398
912 543 267 48
483 500 357 48
308 262 471 106
81 266 214 129
372 328 223 448
740 556 342 403
-24 643 486 82
270 992 486 309
885 378 220 118
316 621 300 225
223 654 204 353
499 869 392 297
728 985 391 487
41 17
99 -22 307 49
674 279 174 476
934 368 160 461
242 788 470 370
94 419 332 386
362 355 198 171
502 639 297 284
643 918 147 141
760 772 482 218
385 460 56 399
543 210 146 454
365 748 358 204
466 890 315 125
632 48 282 499
980 961 328 162
330 175 95 492
452 668 169 29
355 83
489 491 291 349
-41 -59 375 16
304 795 36 263
809 106 162 377
482 -42 346 207
620 534 418 406
379 514 222 488
538 480 488 83
632 612 159 330
456 110 201 105
164 8 412 4
344 284 309 48
897 159 193 89
533 188 373 490
276 526 360 356
970 895 405 92
66 775 418 487
756 120 201 158
795 845 106 299
35 838 447 167
-84 112 267 204
550 10 75 180
-47 187 116 496
563 160 367 444
-79 365 163 226
439 745 30 407
625 377 129 305
418 413 278 496
478 229 172 403
346 958 87 359
770 104 320 434
322 173 391 39
58 703 345 437
-6 730 475 180
910 700 125 302
623 468 92 363
883 -29 89 315
-18 774 34 447
-30 626 10 351
448 770 251 404
267 791 247 388
99 687 29 330
496 -30 409 87
506 912 7 115
838 61 122 327
773 748 134 308
408 468 346 211
698 647 206 343
308 242 331 295
225 568 102 208
698 328 60 110
752 406 104 234
853 887 174 147
132 565 447 392
577 495 320 151
995 65 357 166
354 337 284 96
309 347 376 459
357 146 30 344
522 819 70 493
129 887 170 197
482 417 201 169
421 480 288 278
863 74 228 294
447 621 261 278
629 981 180 180
255 717 112 288
598 125 418 492
333 985 494 96
607 745 17 144
24 139 154 96
227 840 190 58
959 329 320 337
768 650 221 10
955 -32 173 448
929 973 452 21
366 833 391 432
396 135 53 264
359 965 90 391
114 562 178 76
650 580 367 476
489 -85 355 23
865 485 438 374
426 72
224 305 481 360
589 863 193 211
894 282 162 240
243 52 378 115
557 948 432 451
303 559 94 475
33 -32 360 373
394 764 4 376
512 -69 89 15
57 82 373 196
986 430 498 73
973 282 308 170
793 520 469 192
-41 731 379 143
845 583 475 346
743 364 148 98
799 501 163 40
848 620 352 72
-25 655 23 182
920 816 239 325
-87 511 485 366
813 958 378 455
854 732 319 336
738 859 143 358
137 116 452 421
410 634 43 266
813 825 490 396
652 136 430 84
277 924 105 341
455 572 83 155
972 377 444 430
791 509 331 216
810 253 267 76
-27 293 457 482
851 512 222 471
828 714 357 102
559 911 202 306
867 431 166 350
122 -4 400 210
676 -81 130 485
67 475 416 200
525 431 224 295
268 982 212 162
773 988 206 483
637 653 460 434
689 91 63 312
800 378 474 291
997 819 435 71
263 854 123 176
513 894 118 427
650 689 97 435
572 839 78 70
379 178 314 349
548 125 33 281
705 480 482 375
623 351 365 114
92 707 36 187
462 935 99 378
828 651 354 216
5 786 160 332
584 653 399 27
952 421 200 31
298 693 60 195
899 566 217 386
470 512 475 194
845 -30 171 68
483 237 347 237
973 237 370 350
912 397 370 210
635 576 375 140
392 268 153 173
132 731 134 258
234 41
-30 529 366 448
800 259 163 144
369 316 4 330
662 738 10 272
159 250 492 478
623 160 179 98
661 68 393 394
14 652 374 441
853 100 51 116
752 636 69 219
946 889 179 220
376 14 257 62
87 749 228 383
229 63 258 1
404 692 266 123
550 279 179 450
912 498 281 492
805 631 276 46
187 163 331 470
197 763 363 32
79 510 437 32
563 951 149 207
390 166 157 316
504 297 163 112
308 27 187 379
20 245 464 39
147 761 103 414
548 883 48 174
-17 937 148 48
699 136 149 397
79 384 451 236
532 504 412 377
285 951 464 479
153 278 335 403
518 248 484 8
953 463 403 468
854 -89 295 247
492 -82 486 153
12 672 159 19
281 614 76 107
518 717 12 132
296 80
476 260 248 187
217 828 486 360
258 594 384 347
396 -89 91 341
445 438 414 319
455 566 76 57
439 378 153 382
-34 155 171 224
75 559 410 208
603 181 245 1
533 555 58 115
388 740 209 266
486 62 279 477
917 499 120 184
156 608 161 146
-21 761 172 73
129 -56 469 431
-6 -6 124 144
472 250 248 318
233 880 347 333
502 735 1 309
702 907 92 31
942 531 371 123
587 255 487 118
-75 156 76 382
565 268 271 102
723 116 257 428
58 77 279 289
933 133 343 444
183 33 487 34
857 106 304 145
819 928 117 452
624 371 36 319
347 851 152 164
483 481 197 457
499 560 484 471
840 411 331 258
270 222 428 57
264 240 65 324
896 635 300 327
274 250 5 379
207 992 344 77
785 860 98 199
869 997 134 336
471 98 57 272
716 902 284 60
879 992 204 458
403 482 295 373
449 251 267 448
42 914 40 134
490 36 334 473
611 186 350 410
-87 244 361 255
912 814 178 380
832 837 221 489
-71 974 385 325
654 477 497 410
590 509 261 397
173 310 57 441
156 808 472 25
824 865 484 481
54 66 200 451
20 793 400 178
755 379 473 380
232 589 4 23
280 167 224 431
229 491 448 387
847 656 113 199
186 223 173 477
-53 996 143 311
607 107 79 243
860 646 99 274
998 666 171 398
678 133 65 2
901 185 383 450
375 698 104 171
663 -6 437 223
43 819 291 239
505 987 406 334
391 187 318 73
9 69
495 241 9 282
245 254 427 471
524 972 344 164
806 238 21 253
508 -96 113 89
233 666 206 125
6 842 84 130
789 18 304 162
485 32 313 319
372 573 210 290
227 644 330 379
45 667 239 241
912 224 393 407
18 128 329 189
260 892 299 25
952 90 13 249
805 -16 198 233
842 194 232 372
936 119 179 91
746 974 66 335
175 71 371 309
106 724 36 161
-46 552 42 245
-46 913 282 30
631 567 447 200
331 452 392 265
113 377 445 285
934 -31 76 236
612 538 394 140
687 29 125 151
333 -14 234 207
653 440 228 475
28 58 499 39
219 869 309 95
775 -1 115 322
341 5 412 19
182 283 369 379
694 943 474 10
697 784 458 287
417 458 411 282
59 436 429 168
165 103 43 283
403 852 335 110
357 195 318 498
201 268 214 10
-16 916 461 325
298 636 440 397
402 92 172 57
207 -97 10 378
84 -39 71 378
305 45 215 220
920 -14 326 296
62 452 259 345
962 -64 97 318
737 725 428 189
546 -22 153 267
245 -41 433 446
209 493 197 236
2 56 397 183
95 599 471 222
501 183 116 398
843 908 285 439
704 676 45 308
777 234 181 370
60 376 407 423
678 161 75 426
-26 926 382 359
-20 750 499 55
672 112 29 46
341 51
358 590 411 151
568 255 408 123
891 72 490 343
286 349 51 95
454 454 431 54
939 112 305 437
82 -53 449 402
458 -75 65 197
-3 976 318 43
681 588 354 109
922 325 442 435
242 260 461 279
664 87 473 221
837 538 211 442
473 175 175 302
15 406 30 162
308 -43 3 102
47 33 384 450
703 782 8 387
94 573 279 115
5 4 416 473
185 -89 324 338
-82 954 437 391
620 169 136 325
121 922 21 425
691 -45 171 83
307 212 237 383
17 890 303 147
316 -76 469 163
990 268 82 438
109 268 97 231
-66 261 263 287
849 102 134 342
627 258 298 469
626 142 413 3
564 525 205 383
885 238 20 490
940 593 16 211
805 670 240 453
985 693 362 145
849 815 446 84
674 9 70 238
344 405 219 455
196 367 175 319
74 661 122 266
692 721 35 110
380 563 83 248
510 73 440 116
597 596 135 394
943 309 132 100
199 264 78 73
428 11
169 732 24 367
535 253 395 372
906 327 475 462
376 228 177 108
169 737 136 70
737 598 150 10
839 387 380 423
327 797 322 47
816 751 161 182
803 421 387 402
892 170 449 331
164 91
707 908 145 385
128 72 191 27
533 674 147 300
800 52 369 138
-70 377 270 285
526 818 427 240
331 444 259 108
-62 360 403 153
819 315 411 468
48 761 158 370
805 200 398 283
863 469 155 167
526 72 476 185
-96 -25 247 146
77 819 346 106
67 255 133 418
-11 930 202 481
791 239 26 419
873 882 88 244
188 56 486 283
440 682 491 449
280 461 362 14
366 192 469 329
481 518 352 402
592 980 126 87
461 259 57 94
354 142 120 113
280 961 192 214
-92 506 278 28
423 989 150 397
945 -31 103 354
386 410 48 494
981 23 397 254
898 669 257 308
60 198 96 32
39 223 220 178
784 397 108 49
426 738 363 116
297 867 389 448
822 540 440 216
692 687 190 201
126 820 88 357
786 407 42 431
754 687 12 354
236 184 44 10
68 296 165 360
229 -66 283 346
177 675 152 188
47 731 389 375
55 882 258 234
440 8 256 387
82 93 24 46
908 479 5 311
596 982 169 349
114 565 230 76
-35 118 182 223
996 -74 433 294
719 499 4 4
-88 568 378 160
350 194 17 326
537 834 177 337
909 -78 246 473
79 728 348 360
162 631 466 130
620 74 94 128
492 705 191 190
286 427 448 2
124 785 82 235
248 595 311 456
944 268 319 398
900 162 303 207
284 879 402 235
442 446 14 193
649 817 84 425
508 417 247 474
909 338 407 388
260 776 229 48
889 251 110 489
103 542 469 435
947 924 357 324
-93 295 170 105
315 793 435 138
85 374 231 295
372 -6 295 361
533 640 199 242
126 863 42 382
638 35 127 100
990 -22 410 409
440 377 490 284
960 378 337 281
927 -2 1 320
15 39
477 870 363 26
503 40 11 198
164 617 292 267
666 220 339 42
57 948 293 300
839 932 5 357
95 127 250 22
960 446 431 428
991 530 100 135
929 620 170 207
-36 944 350 49
75 638 95 427
172 360 403 373
-94 704 34 267
-37 760 489 232
849 370 238 186
715 155 101 494
294 771 261 411
591 15 92 77
867 240 265 79
336 170 282 438
-31 342 282 168
-41 907 334 272
492 138 239 155
836 602 291 195
575 593 268 315
832 136 79 320
135 369 372 398
697 86 224 123
628 549 207 42
-16 235 486 169
301 860 304 128
502 256 127 485
-31 578 85 322
110 605 492 430
451 782 166 99
417 679 90 223
391 926 358 241
753 -36 474 29
336 90
304 363 220 23
-7 827 152 478
633 762 221 294
300 841 292 84
58 361 8 450
163 342 458 360
218 290 225 216
594 398 241 492
364 281 112 429
965 484 421 14
240 869 94 233
494 268 176 262
759 958 236 251
336 999 336 468
864 649 131 325
30 427 21 277
825 49 199 301
515 905 243 46
-92 441 150 204
-39 217 195 102
928 896 348 351
583 179 91 464
119 82 52 395
744 957 53 340
443 893 494 30
1 649 389 83
457 -90 94 270
246 -75 304 187
466 708 186 202
700 617 163 207
401 113 237 39
480 343 13 222
-83 403 267 54
511 267 443 185
659 9 479 445
248 997 337 352
-16 904 214 41
319 47 124 334
531 -47 487 310
211 531 87 307
454 -62 254 289
460 409 389 359
105 708 168 472
844 960 329 269
418 664 356 428
562 120 245 237
324 602 57 347
-73 62 268 32
198 236 65 438
-81 255 293 246
-79 816 141 338
70 482 109 58
883 186 296 389
71 797 128 358
-10 935 328 319
642 90 415 457
509 101 267 433
671 528 375 89
588 -51 316 83
183 421 412 365
427 586 264 293
991 398 162 491
515 943 276 286
11 710 282 131
-9 874 380 388
610 166 334 27
268 -89 95 332
836 259 461 28
13 648 196 316
-63 767 131 18
977 859 269 297
466 858 241 415
643 861 372 220
209 685 122 13
829 374 499 452
798 744 75 205
754 237 433 158
300 150 246 183
708 842 116 340
512 512 414 243
945 956 486 82
-14 442 495 394
962 788 392 477
340 -95 483 418
120 998 481 147
-31 492 410 50
-7 533 12 289
268 948 248 244
369 90 231 462
827 778 247 265
224 82
41 440 109 117
517 353 43 242
817 493 154 285
645 103 438 3
351 315 278 365
353 303 179 221
210 729 108 377
252 922 215 386
452 754 67 155
217 223 153 457
357 759 457 137
479 759 2 389
325 236 436 473
586 314 415 401
355 975 303 82
252 741 415 45
860 837 174 397
810 844 380 103
395 520 443 339
363 308 325 224
233 360 45 346
363 -97 20 392
35 0 179 445
244 665 123 182
116 188 339 422
-60 682 167 56
788 132 257 476
898 218 282 398
555 634 35 172
897 333 407 211
490 354 229 108
92 7 344 335
-19 26 3 41
-69 688 384 264
786 187 256 373
738 292 349 244
233 236 353 423
939 567 274 128
382 801 180 400
523 489 428 341
709 39 454 88
760 511 79 419
592 -66 434 167
996 199 109 255
765 675 332 214
748 213 217 146
980 983 67 220
808 317 320 409
928 337 23 441
313 823 12 180
412 857 191 72
-57 224 154 170
215 -82 135 81
783 242 484 435
248 276 382 374
96 354 313 8
332 -43 390 41
755 416 387 189
793 306 56 138
780 153 17 265
666 -91 356 454
206 416 42 309
22 -14 419 135
195 374 151 390
27 -18 310 415
-58 780 399 45
763 141 334 294
-35 555 374 324
-32 914 162 206
555 338 485 386
485 90 107 40
685 357 48 378
995 761 384 184
670 -98 351 202
231 352 194 137
398 826 16 333
68 370 405 112
468 341 337 258
520 487 17 303
-31 585 200 128
784 672 225 334
772 913 391 58
64 57
214 698 54 223
451 -1 374 229
673 854 127 77
360 455 447 444
736 667 225 309
29 3 490 134
233 234 161 249
280 897 194 251
725 641 114 49
478 387 127 69
964 447 466 386
558 859 8 329
766 458 304 130
672 631 113 195
82 52 89 209
264 -24 377 494
140 732 98 302
754 906 424 137
517 156 50 365
366 291 178 54
53 762 2 168
637 76 170 476
386 355 171 241
391 672 115 220
440 814 306 102
666 947 376 40
-71 965 336 270
651 577 361 292
-47 841 247 449
902 -11 207 134
433 749 428 380
283 25 403 492
743 520 111 255
889 117 339 268
313 187 201 268
-46 70 452 350
473 571 173 432
312 519 48 195
243 145 39 359
417 213 7 208
236 379 387 222
503 424 269 39
513 688 407 246
970 635 309 259
-80 4 23 329
100 434 469 462
721 530 495 381
-96 938 186 324
748 146 461 3
982 35 216 98
653 742 417 67
891 605 208 55
97 190 71 498
28 483 383 37
258 45 438 130
219 977 132 369
770 991 409 386
0 0
