6
8756 2329
5915 5552
5985 1461
627 7635
6551 8883
2204 3549
6
327 3052
7163 4579
703 8754
8682 6181
4069 3674
338 3214
4
5348 3980
1133 7762
1653 3097
6686 9624
5
4000 5776
7200 1228
5793 2945
8033 4057
3586 4036
9
9773 4838
3142 3927
8905 833
3334 7683
8155 6615
9483 9413
318 8585
947 6165
291 2118
3
9359 7482
5743 4198
9361 8318
4
4415 7990
6258 8730
6572 2644
634 4348
10
9347 3896
3284 843
6930 8932
1048 4887
5457 4383
6475 9610
8592 1684
1909 121
4143 6435
6164 8417
6
821 9937
8775 8643
5658 4728
9110 3411
7443 8955
9259 3470
10
2348 3981
1809 1706
4658 4000
8432 5073
5214 9734
9892 3960
5044 8534
4716 8927
8853 9386
8468 5337
0
