149177969136105
526423978825536
136907429373572
6829398509306100
760489141672260
903099005503695
87385811415448
5985216147534
116588405780964
6665659250159
8453870847708
89029373802594
327875238735
3018287984754
825439596289
634170722724
361451501329644
42692217185365
127251998115000
126418339179000
281723913126000
83703347130496700969894220
211329234662348039788896345
15816702183532175615051082
389645887945390021127279565
137154715241373341652714210
167836791180275264363152070
4564760950898394432375503275
1100748143314697651454792150
1230659267319883922717950260
201116994243
183892548301
223540997183
868076319334
669145439715
192977081353
3289592593658
2246962402180682735761638720
1383800637071872288731382830
6948076313282026059819268496
25137967268284692697834206885
4329787844938738633417544760
8000787116705664144771249264
1056566700018686056823316330
341687067843975288521846760
8373031363324272334191301800
7361118297568379804167259370
382393779837488599050
31118315123513747578
26400564391115093400
11829381251876702865
38011609388281025250
11840337375988504500
354812497404177181899698877852
197353704710690274021258384544
179707139161124405568031008000
125903872403347402211882175999
390683561800184367154619199696
83775282619327972738023610080
354064499397780738700122517176
396128930797028390272480707252
221868122885990316218836802592
131892826934701399292106653844
